EVENT_LATITUDE=53.339428
EVENT_LONGITUDE=-6.257664
DISTANCE=100
